Sample	Ia	Ib	Ic	IIa	IIa'	IIb	IIb'	IIc	IIc'	IIIa	IIIa'	IIIb	IIIb'	IIIc	IIIc'
0	0.134771010666628	0.108927254312996	0.00866715427762366	0.0395166530687581	0.348294255261252	0.0664301326490015	0.0602931620510881	0.00197824065759628	0.00289690017506072	0.025428464601983	0.186283498244055	0.00378026997641105	0.0127330040575463	0	0
0.35	0.159148946555679	0.146068658128384	0.0100792824747595	0.0468370604270492	0.310152068345667	0.0403557309824914	0.0998889783032026	0.00241269223547093	0.00327353790302644	0.0227144547526401	0.144457623232506	0.00249778064523413	0.0121131860138894	0	0
0.7	0.166116019724295	0.165536066480537	0.0111371444909115	0.0476857079167858	0.292543403901523	0.0511769364484778	0.0854203112052297	0.00201884649013197	0.00333520709055578	0.0208919892032817	0.138005680807303	0.00332464989930863	0.0128080363416598	0	0
1.05	0.160817194693232	0.14049584999931	0.0103781136887218	0.0437336041985926	0.315597746984055	0.0408683349956874	0.0990965575352167	0.0026257046332942	0.0033761969458403	0.0240363495383997	0.144996314304189	0.00316413081289226	0.0108139016705696	0	0
1.4	0.165553601636481	0.130005162406347	0.0105854851720306	0.0483213906850335	0.315604143231519	0.0425529780290591	0.100391114324683	0.00314531883447544	0.00263963886741064	0.0260572152329182	0.140180893675375	0.00382084953882445	0.0111422083658441	0	0
1.75	0.170548652058857	0.137126585199405	0.0124172603237415	0.0611124258030941	0.295212611878378	0.0515453085953034	0.0928064964331479	0.00421914660670362	0.00307461177036641	0.0255611470878482	0.132029398913006	0.00386329603644915	0.0104830592936995	0	0
2.1	0.190616313816066	0.164860531808167	0.0131649887042646	0.046419504579047	0.283171881199617	0.0645079500256452	0.0789996096761603	0.00493291913844883	0.0032094727187292	0.0254200820002645	0.110272183673711	0.00444022937708401	0.00998433328279554	0	0
2.45	0.200345065528755	0.198458583590488	0.0148283926519502	0.0604763232598877	0.235176612898106	0.0520919048291105	0.0944342190145464	0.00447203167219068	0.00484097733731108	0.0232723893370552	0.0965221438209293	0.00426790289916576	0.0108134531605043	0	0
2.8	0.201415323990118	0.190970923921168	0.0147427121555675	0.0556536368814002	0.24332654289841	0.0652734401962496	0.0819200333086889	0.00540380325874436	0.00434075999472908	0.0248084030617122	0.0977121315752271	0.00397829177067942	0.0104539969873059	0	0
3.15	0.201507203161373	0.174192801411388	0.01546895786786	0.0542923599804754	0.258106813306946	0.0673806908271486	0.0843972091272302	0.00527728475856356	0.00394041692942316	0.0257025036395984	0.094101697132241	0.00536076422527333	0.0102712976324798	0	0
3.5	0.199953667817657	0.174132581390673	0.0149360088974508	0.0558159501821568	0.262551073245299	0.0732715700266007	0.0777900026673843	0.00475740758901444	0.00474442144254593	0.0266936957632473	0.0919089291996787	0.00492458556654004	0.00852010621175151	0	0
3.85	0.193667199060198	0.167675645765707	0.0163815457402999	0.0568794043546923	0.25985735236911	0.0724303295341624	0.0895100421840122	0.00535864766059928	0.00567647452944138	0.0299312757421969	0.0872991803037707	0.00542920708230911	0.00990369567350051	0	0
4.2	0.208448248575451	0.177981802076012	0.0174561159410724	0.0727487550900858	0.225732226046688	0.0893076133207423	0.0725126741167496	0.00597402996784498	0.0076806010070288	0.0270182391772156	0.0790830007448083	0.00567494406437304	0.0103817498719275	0	0
4.5	0.230408078536851	0.189000697987173	0.0159213532945783	0.0501275455422753	0.233382923827073	0.0738028672693684	0.0796266338348771	0.00603018261319503	0.00828512819853572	0.0246884111048035	0.0747401392877375	0.00499576503805915	0.00899027346547272	0	0
4.8	0.220692515108327	0.179536542875852	0.0152916793071499	0.0503213177502429	0.24216662006755	0.0551461906330048	0.0986945510592122	0.00665104668604628	0.00774532435416813	0.0221842776562334	0.0851607410134946	0.00517428519891374	0.0112349082898045	0	0
5.1	0.224131070533065	0.203319950312943	0.0174611731490998	0.045729756331976	0.22169841226974	0.0689780551924122	0.0887132097817713	0.00794775000553456	0.0087761380657585	0.024319975928413	0.0710896507823324	0.00648905912293791	0.0113457985240158	0	0
5.4	0.224399055026349	0.227522469751704	0.0207187257895856	0.0525433596542366	0.192654206105187	0.0744886082609018	0.0871789984960831	0.00942730309041809	0.00895278750353204	0.0253327924603423	0.0604564069406658	0.00594485611936374	0.0103804308016309	0	0
5.7	0.211510568686946	0.249834285314219	0.0238630785223532	0.0545206434028769	0.162399818870471	0.101444819159115	0.0683316062430731	0.0133576477071597	0.0085083385500876	0.0312204420887052	0.0532336575022385	0.00630022874563297	0.0113079034134155	0.00216102595302833	0.00200593584067807
6	0.214349642617225	0.252191468112068	0.0236819245117551	0.0525955698629887	0.161669190103035	0.0904425067514387	0.0839901683600881	0.013900979569257	0.00690909587575057	0.0300211418970627	0.0515941556828265	0.00577654512191637	0.00963045210779209	0.00183423616465156	0.00141292326214503
6.3	0.209756215563287	0.244812963823023	0.0266132855316406	0.0371863121906535	0.17540956878876	0.0977790059517205	0.0812416698684075	0.0154157497016611	0.00706368006469224	0.0298986234015928	0.0549345913037962	0.0063116155126597	0.00999152963154082	0.0021842393385732	0.00140094932799234
6.6	0.20610955435346	0.240113645714682	0.0263264802311027	0.0548155783559196	0.16070537723823	0.114727832083837	0.070587905797635	0.0149717257199944	0.0078190330586029	0.0281721259053616	0.0538770195140895	0.0071927111981163	0.0114068421303374	0.00205740321274357	0.00111676548588885
6.9	0.209135593435665	0.236512134365139	0.0250718958334517	0.0450108704627979	0.169896365357207	0.0934043220411797	0.0934706012738317	0.0156024071814928	0.00696007165177877	0.0293095459145414	0.0540482486067988	0.00678509614918494	0.0119063161016244	0.0018558185142553	0.0010307131110519
7.2	0.207668119951918	0.23491204956209	0.0273761193394342	0.0532323382648683	0.156425280612746	0.105004294758838	0.0882484917167244	0.0178709459769287	0.00784074960532435	0.0297553809356924	0.0508234964659334	0.00691040617200652	0.0108549108458833	0.00207583422312767	0.00100158156848359
7.5	0.211255300824444	0.239779305921496	0.0269132590155013	0.0529415551838449	0.156690706383826	0.0956946919478488	0.0931144370709688	0.015001998248344	0.00770665471361882	0.0257229589624171	0.0520266611274494	0.00690385692298909	0.0125430230764278	0.0022783675343559	0.00142722306646696
7.8	0.211953184883756	0.238596163898757	0.026536979270581	0.0551436546215094	0.155085842769467	0.0903450575406107	0.0981632990752146	0.0162032525805944	0.00727607667481299	0.0262276960762617	0.0514092858953835	0.00727471479372836	0.0119164594905067	0.00246890882228836	0.00139942360652895
8.1	0.194086715778211	0.219878616440653	0.023962574861747	0.0549123015254236	0.158317155471387	0.0992522497451827	0.0969877369645333	0.0160735190315825	0.00820105943246099	0.0285137933797496	0.0729713005449438	0.00833632287144609	0.0151417750353453	0.00212345867006504	0.00124142024726888
8.4	0.208158676746991	0.232140052848829	0.0270580815514963	0.0580485664668872	0.149538400872708	0.116536249054421	0.0803186400500962	0.0162118853785622	0.0081493084387649	0.0269898254014213	0.0528274142078979	0.00745219060252312	0.0126771219101495	0.00243776630045975	0.00145582016879191
8.7	0.203149119812737	0.224700499218858	0.0237699099502424	0.0561568676338264	0.170250245376798	0.111483802604395	0.0730158382536795	0.0146748907465203	0.00802536377992086	0.0249537411301631	0.065766456881174	0.00722571232973925	0.0136648290869793	0.00198739939340708	0.00117532380155992
9	0.208105506903966	0.238677768284661	0.0273192575978708	0.0557995062259794	0.148553184752912	0.103581921553199	0.0895523778735088	0.0166300466616175	0.00903566995243403	0.0251222399914936	0.0527885753988289	0.00754865689246105	0.0135856823620986	0.00224200663681831	0.00145759891215154
9.3	0.205005977130347	0.232850633099291	0.0266459616917551	0.0506502099401802	0.150995153458697	0.102478661502336	0.0984375752807944	0.0173512841579109	0.00872500783052044	0.0272201647155642	0.0527743341527398	0.00875294573583751	0.013760050925003	0.00269268694227639	0.00165935343674716
9.6	0.202201774559595	0.236880773159839	0.027863560010558	0.0548201500002576	0.146136269073152	0.0951652205956554	0.104097490773096	0.0182847853288366	0.00842531700577691	0.027109778260357	0.0532611828195188	0.00817079870940018	0.0137420939851709	0.00249980226439841	0.00134100345438793
9.9	0.201841690966444	0.231677531736721	0.0283510500940916	0.0562215288070606	0.145865542514903	0.104303684005459	0.0961774272580696	0.0185048496648015	0.00819324778959977	0.0283317359911161	0.053434594995427	0.00827875451714286	0.0148303415737131	0.00256314875235457	0.00142487133309589
10.2	0.201519976511888	0.22750423454898	0.027477017772645	0.0560756165080831	0.145054560410527	0.102551834373033	0.10090369486022	0.0196120557380227	0.00940210795564149	0.0282884579997267	0.0519260988576549	0.0101538602958033	0.0147094355973044	0.00312132207150609	0.00169972649896339
10.5	0.201147987280939	0.234386107661003	0.0298320943297115	0.0511169956942757	0.143706419565906	0.0992444989141859	0.103116744847708	0.0197036098943135	0.00950421854563784	0.0278282514996555	0.0529920500324881	0.00935995009673588	0.0139120472389695	0.00290231379036923	0.00124671060810181
10.8	0.200089064696439	0.230976260287476	0.0297315458854878	0.0534894480319814	0.145789748808839	0.108476030858336	0.0938966549464153	0.0206182588070265	0.00936650953291951	0.0271508395531039	0.0531376149101621	0.00884738917874322	0.0142009744839348	0.00291997142797091	0.00130968859116472
11.1	0.202796312865788	0.233575995160409	0.0306968348372584	0.0560227827258828	0.1403996041516	0.105267701252719	0.095907075692686	0.0216337453613546	0.00896195059952319	0.0261480870684541	0.0493372853194955	0.00943151699217595	0.0151706690110873	0.00319316843115506	0.00145727053041216
11.4	0.198036714925751	0.2310178668776	0.0297981946757761	0.064210842617898	0.135533269680763	0.0885705782893685	0.113929835668374	0.0212009765633875	0.00903954794299898	0.0269176968881121	0.052508439507345	0.00879805938441763	0.0151699266154452	0.00328175765629859	0.00198629270646435
11.7	0.197270075391166	0.22880439440099	0.0309436014027092	0.0535325855919681	0.147751236165728	0.0981745011295319	0.106510784043404	0.0214419257867378	0.00826538778414924	0.025257113191645	0.0537467737925765	0.0090645077678257	0.0147578713412318	0.00302876617790605	0.00145047603243052
12	0.200465037208245	0.233118919735416	0.0298153871243486	0.0365751791805875	0.164919464764906	0.105597989286712	0.0972269892841166	0.0182627812104555	0.00939294012483765	0.0243297471660456	0.0517511846099663	0.00855849788444673	0.0159740803934617	0.00274657465470549	0.00126522737174992
12.3	0.202992321524606	0.236491442442582	0.0303082477367639	0.0533720606274533	0.144889344034921	0.105034965264245	0.0928830810123028	0.0199989974055928	0.00935454231781017	0.0233734782372734	0.0524294320647811	0.00872274390589556	0.0158434075233062	0.00282534037519292	0.00148059552727277
12.6	0.203544678846435	0.242204968473254	0.0315550262539046	0.0451501157564917	0.150065007204311	0.093477826873754	0.105340268524557	0.0202595875980362	0.0101715552877171	0.0222204256712229	0.0469137669743429	0.00831984180021794	0.0161970572131487	0.00318222543886558	0.00139764808374232
12.9	0.212341593136382	0.246982594662038	0.0315792692053769	0.0384769919334182	0.148583762002515	0.0842181564450463	0.111523092883587	0.0217877114376862	0.0106021256110762	0.0218406614821667	0.0444702018878973	0.00825338118951083	0.0152862052896246	0.00297873282263803	0.00107552001103752
13.2	0.216417966195923	0.241776681441605	0.0295466879713058	0.0452133825531309	0.145905237255037	0.0847613422149844	0.113454280671584	0.0208048748341527	0.00995933342446169	0.0211859014558214	0.0429296255362801	0.00795839758952826	0.0157326599795228	0.00298447554603732	0.00136915333062569
13.5	0.216673285290799	0.239356085776227	0.0301106174920672	0.04817656753749	0.149324751104738	0.0891101083584827	0.107011174595861	0.0204379358582002	0.010215269527928	0.0201854583381856	0.0435414197443182	0.00745932478925667	0.0145670808607791	0.00259129451385918	0.0012396262118071
13.8	0.215989718542862	0.249674796145803	0.0309220351931199	0.0608193899160882	0.133011497731191	0.0833730998693788	0.109215960859148	0.0195380486393232	0.0111723157191386	0.0192017083915503	0.0405549098269547	0.00743773539188202	0.015157742650377	0.00252468126371879	0.00140635985946453
14.1	0.219875737906618	0.242852051885865	0.0299615321780117	0.0491648430681882	0.149450959174635	0.0838885934415762	0.108682969471057	0.0205971045524432	0.00935818951712317	0.0190752884752923	0.0409702533103305	0.00663960645391106	0.0156118033842688	0.00260331924872843	0.00126774793195153
14.17941	0.220750685297736	0.249842586111932	0.0303905584975265	0.0489642943721874	0.145265721481147	0.0747010101179438	0.111890034280879	0.020408742296949	0.0109165938557353	0.0191387604664105	0.0413541366351446	0.00682008284674455	0.0153504321561308	0.00269376549461104	0.0015125960889225
14.25882	0.222082407985405	0.25004625979292	0.0310898936354638	0.0395177246386353	0.150732780106169	0.0772321385331652	0.11033963573589	0.022101386361987	0.0101875981643193	0.0202992828223092	0.0395154225278664	0.00693625974659656	0.0157777968996464	0.00287084442686356	0.00127056862276364
14.33824	0.215420896085693	0.250275842999124	0.0318823609600973	0.0529355142020079	0.13808818106135	0.0863945928521615	0.102319373063258	0.0232887390871985	0.010636363176366	0.0209198080424419	0.0405103608922342	0.00682328576263185	0.0159387397866655	0.0030949480325779	0.00147099399619192
14.41765	0.217373521396871	0.246995922766064	0.0306221305745216	0.0533046867841131	0.137425701735081	0.0658357580521049	0.125275590658219	0.0235342791070495	0.00976422719997505	0.0225387390212125	0.0393094766399855	0.00714988372696584	0.016274867938008	0.00321299916514455	0.0013822152346846
14.49706	0.213240494306808	0.2378050957741	0.0288032162770107	0.0278206692794273	0.167126711430309	0.0703527098547839	0.123138525656372	0.021737622890537	0.0113403427767651	0.0214258463171343	0.0444841631826255	0.00667417106595088	0.0215084141900997	0.00335834221671469	0.00118367478136262
14.57647	0.228792631349825	0.250808862701398	0.0306114379842799	0.0407311977293107	0.152548966881901	0.0688974962890592	0.114725657197199	0.0185633463109438	0.0103130260275701	0.01807345224662	0.0410236106201794	0.00574396826875444	0.0159029380999187	0.0020780958963474	0.00118531239669409
14.65588	0.22041647271356	0.247774774831546	0.0295354486806342	0.0566509471959866	0.141466884526843	0.0682292169264936	0.118879771901276	0.0184695871784513	0.0106612647547034	0.0195754900164671	0.0412284768993783	0.00661108352132644	0.0167743655275371	0.002267229888015	0.0014589854377818
14.73529	0.21545082455797	0.248680503484675	0.0300237555682488	0.0596149121034713	0.139086179363935	0.0643124057018127	0.124866280655222	0.0194381452185799	0.0107638035742379	0.0210564387262072	0.040912860039956	0.00609244189485124	0.0158090170865702	0.00207841375150225	0.00181401827276087
14.81471	0.222899348796336	0.244263125861167	0.0288576115845956	0.0459637969448113	0.157736446390918	0.0813895628314822	0.105270612494418	0.0179132498573179	0.0103900505775343	0.0182701417627632	0.0418876175187397	0.00602197722816963	0.0158534257443948	0.0020851964595726	0.00119783594777953
14.89412	0.224589537010244	0.249614300230056	0.0293957002048477	0.0445090032907687	0.154059480978612	0.05910276462429	0.126698330838389	0.0180327896872576	0.00986809640775526	0.017983601927831	0.0415282060781004	0.00581650003073444	0.0158437761309972	0.00188891757999009	0.00106899498012644
14.97353	0.222702154745231	0.24972920717426	0.0253600179247413	0.0478962848959719	0.155185998561657	0.0612778762873967	0.127125588155573	0.0130709294431498	0.0109283522245225	0.017627976023141	0.0430071942325299	0.0056053418414315	0.0169375042483147	0.00170657634924378	0.00183899789283589
15.05294	0.231802991364665	0.253335534715935	0.0248118885181812	0.0370236943024151	0.16193873553568	0.0607536073184641	0.124684078159739	0.0135130090482288	0.00961867285023169	0.0166716288825039	0.0409052160796296	0.00571782827536342	0.0157630190046965	0.00134645840265345	0.00211363754161272
15.13235	0.230021910875117	0.254252595511633	0.0241545305386989	0.052624254409567	0.148767030085378	0.0481952924049507	0.139941170959436	0.0107174560029913	0.00974683811153407	0.015705472330954	0.0407685721287795	0.00478872845356425	0.0169048608320475	0.00138792384852287	0.00202336350682529
15.21176	0.229429146394377	0.250222324684854	0.0272457305657022	0.049658773905653	0.150543991880291	0.04710361539955	0.137563350631264	0.0145200256743727	0.0101818120516452	0.0172217188918783	0.0413972716906325	0.00524582920106933	0.0157888720097507	0.00196642612577744	0.00191111089318215
15.29118	0.229170615852688	0.251996800257104	0.0281076785851993	0.0391141787396212	0.161736072305148	0.0597983056519927	0.121788860655243	0.0150452116111577	0.0108070623032451	0.0174279241102888	0.0400464082382648	0.00503186447039374	0.0155112788752769	0.00183995663271411	0.00257778171166301
15.37059	0.233250276664659	0.251016101759447	0.0272528319584174	0.0572346491089414	0.141933253923681	0.0538552488305036	0.129743560702796	0.0147302797911964	0.0100253082759501	0.0168814236851339	0.0393620709040412	0.00457865463774455	0.0163461919974387	0.00172756771239814	0.00206258004765129
15.45	0.237087695849408	0.248200147010305	0.0286847425695371	0.0465842257882779	0.148587402633489	0.0689330606387209	0.112876703972924	0.0142347064527669	0.012481421296983	0.0166800765470878	0.0391632254486184	0.00521524969150983	0.0168723085654713	0.00208450042673521	0.00231453310816523
15.52941	0.23867788212233	0.247765687663848	0.0286356427178375	0.0452635166386245	0.152449751200412	0.0721873426943128	0.111294789130845	0.0149445632138528	0.0109755710774103	0.0157730357791573	0.0371646634341757	0.00483584558684033	0.016133592332151	0.00162727169599926	0.00227084471220368
15.60882	0.239885266746327	0.244032831658267	0.0270323253876915	0.0421216659719879	0.157670136849043	0.0479182461337513	0.133557664493779	0.0150539681680369	0.0108615339654337	0.0170818949430061	0.0397543291639608	0.00510473056747954	0.0163972941707313	0.00181849087325136	0.0017096209072543
15.68824	0.238040427308604	0.248167112664464	0.0258362489924147	0.0471185994445198	0.155425349011074	0.0460432589137737	0.132473660401715	0.0129367587362988	0.0104879797910917	0.0171749742655149	0.0404395482520658	0.00532584566602796	0.0167306500527179	0.00169246859468604	0.00210711790503182
15.76765	0.23152978762773	0.2450619045453	0.0268084817523203	0.0468019344193731	0.155052997266105	0.05025306964708	0.133773617751812	0.0133753014256524	0.0111311627468102	0.0170119676447488	0.0436939419453223	0.00555941027819795	0.0170473519083963	0.00138267369468148	0.00151639734646887
15.84706	0.230306436342614	0.244688047884854	0.0256143453481575	0.0355124985149843	0.166000155107605	0.0620140937387013	0.126690796425994	0.0123459853446944	0.0105699280726075	0.0176879063115691	0.0435623039537616	0.00509567153107319	0.0167508694726535	0.00164640707840646	0.00151455487232302
15.92647	0.234757037989812	0.254259494742526	0.0261978781448486	0.0402038352122569	0.160315108735544	0.0580842533092661	0.121725316054718	0.0119854222974591	0.00978418415408504	0.0158224325529176	0.0410317277176026	0.00522652884540844	0.0170952167636351	0.00115600465564171	0.0023555588242788
16.00588	0.234549039780191	0.251765957459101	0.0266518555865767	0.0430932329631013	0.1513911675454	0.0519573485573159	0.130709450864698	0.0138726769659908	0.0102070116777843	0.0154561118719293	0.0436178348463142	0.00516648117509281	0.0168271253838944	0.00203774321816293	0.002696962104447
16.08529	0.240623826350088	0.240642851510656	0.0225663645634421	0.036568016248768	0.166416470107875	0.0575018713411649	0.129587865669708	0.0105400519752317	0.0100834857951935	0.0157973254542295	0.0433060499972932	0.00476050958346313	0.0182399300296035	0.00147330089964145	0.00189208047364136
16.16471	0.235603371427488	0.248646341308365	0.0246135716234504	0.0448885323402216	0.159398972331143	0.0543825785263354	0.12588624610737	0.0104588952257564	0.0103115375244198	0.015945395530372	0.043560103704806	0.00445908155925708	0.0178563768888933	0.00144402210240464	0.00254497379971733
16.24412	0.239026992877091	0.245381925455237	0.0244061449507357	0.0432589003953109	0.160414683909226	0.0408567379121989	0.140512212721754	0.0105689828852755	0.00922533899559766	0.0156826651703755	0.0447199801152312	0.00446560868978711	0.0168273743113765	0.00151060784601938	0.00314184376478377
16.32353	0.245637151947063	0.249789071576644	0.021527953212516	0.0467530234757066	0.154503113561036	0.0488197685837913	0.132060043197199	0.0100852229933777	0.0095925096804912	0.0148392122040081	0.0412403567463182	0.00464240289929176	0.017329623439117	0.00112789693127546	0.00205264955216525
16.40294	0.24549848318737	0.246387333364046	0.0216226470788796	0.0416858437783475	0.161738389681576	0.0383188688409993	0.140249309611635	0.00952750016331715	0.0104805908866218	0.0138210993112929	0.0458841931073794	0.00389551514573346	0.0176125753857383	0.00119183249344127	0.00208581796362207
16.48235	0.239486703078315	0.242203413527894	0.0225223318505292	0.0279400930899961	0.169286639969352	0.0642431926978312	0.125272253605677	0.00895689777545181	0.0113247131449642	0.0150547585697354	0.0479299426375442	0.00460762771868795	0.0176179722867849	0.000978702007685953	0.0025747580395517
16.56176	0.251250993933186	0.230950402230999	0.0215222308596502	0.0383223518944206	0.177617504539555	0.0462366997340082	0.124847617932774	0.00903730690188285	0.0107469410521869	0.0158846123977395	0.0476482515274544	0.00467544248833362	0.0175855977752473	0.00129167019274331	0.0023823765398194
16.64118	0.245350750436902	0.237566892863729	0.0211381962702907	0.049054415516621	0.165365853895757	0.0555332547073086	0.12317061975243	0.00888900584151343	0.00988403372796019	0.013744244818682	0.0452665013203909	0.00413356683753337	0.0176069414528617	0.00105765277487422	0.00223806978314552
16.72059	0.245767546251089	0.233206910857672	0.0220252920070171	0.0455600909090851	0.175866338359103	0.0436840931573031	0.12752322143235	0.00804478305644717	0.0105682670864664	0.0138967959964964	0.048344199147452	0.00497885181603954	0.0175631687447532	0.000943569129489044	0.00202687204923773
16.8	0.236224827867191	0.244848444437145	0.0225975133253237	0.0370522322292041	0.179023465758398	0.0627895774310212	0.114678803499554	0.00884218546340356	0.00912326564872135	0.0150189874984771	0.0450710336646595	0.00433627348861792	0.0170481285467497	0.00113721522735847	0.00220804591417616
16.87941	0.242217534871694	0.237932630619009	0.0223062590593948	0.0455761890713502	0.166182537823286	0.0582593846151914	0.118852807912082	0.00883610553835594	0.0102194341222307	0.0154114269175941	0.0482814677420027	0.004487481841243	0.0177427249780279	0.000970522505724901	0.00272349238281432
16.95882	0.242419067703361	0.23346002063873	0.022312467101448	0.0414699723577816	0.179135032013823	0.0458182501836371	0.128166206830409	0.0079327330555729	0.0103643449582318	0.0138749643134351	0.0493063331013707	0.0044670936415463	0.0180217152747419	0.00103839539821746	0.00221340342769456
17.03824	0.247892499190268	0.231733651386941	0.0207391908569957	0.0273482989889464	0.192308920208547	0.0361197132387631	0.136447180753282	0.00789851317578547	0.0108152415785784	0.0141695938458701	0.0497816110113783	0.00426212572558708	0.0172121684428935	0.00100338600482265	0.00226790559134204
17.11765	0.24681721209429	0.227370842076346	0.0213539736628305	0.0407050131802746	0.180284179579049	0.0356396962984178	0.138028102332704	0.00736213315876532	0.00950236426655133	0.0146735909380498	0.0528994266142183	0.0045138495169181	0.0172307980057163	0.00113233463285191	0.00248648364301621
17.19706	0.244199272781071	0.232967926389046	0.0200957572904233	0.0382899881400887	0.186622531619229	0.0325385360700658	0.137339708856633	0.00591412401021937	0.0101392390230143	0.0131650892051301	0.0527905358529855	0.00418909627890529	0.0182218843881603	0.000835482531778237	0.00269082756324969
17.27647	0.250840266569759	0.224471884244778	0.0191391039238662	0.0445378197380744	0.184568026342836	0.0354180150591346	0.131933971466807	0.00504715306408998	0.0103063900506898	0.0131111770579295	0.0571751074891759	0.00417516537776354	0.0164176869366888	0.000557520674915594	0.00230071200349265
17.35588	0.246793234908444	0.226646432204147	0.0178058777827115	0.0413170913823131	0.195425647216709	0.0353045619988377	0.129181367270863	0.00525763828498389	0.00937191594682767	0.0120489982309623	0.0561853309367861	0.00370464683320495	0.0179815520717035	0.000780071868044256	0.00219563306346169
17.43529	0.250122802667585	0.222091622783844	0.0189439800278245	0.0479296991344521	0.185075232896113	0.034685636741497	0.133839301583428	0.00588498942483198	0.00888293794439595	0.0121197470358176	0.0549188542887862	0.00378530791876415	0.0188229129374099	0.00083160956185058	0.00206536505340018
17.51471	0.244876959733589	0.222556567728809	0.0197975924647766	0.0484067687988443	0.187415216269139	0.0255567409730692	0.139654797695916	0.0061995390724164	0.00924731764656367	0.0119626959542013	0.0586674975789129	0.00386424888651216	0.0186557954861824	0.00049238152618467	0.00264588018488269
17.59412	0.238950529101178	0.226256025528975	0.0225924578571526	0.0396423276336905	0.192696332762934	0.0516033527554275	0.117217986121078	0.00582918131900671	0.00992969229597828	0.0141915465056725	0.0561407870135668	0.00358344170896274	0.0176536428854017	0.000587103144080508	0.00312559336689586
17.67353	0.233246603577908	0.233174295616735	0.0219208039033464	0.0336774515719482	0.189007787022684	0.0332943462337999	0.145678006156848	0.00514117812278981	0.00917490273497214	0.0134325656252579	0.0547342910021585	0.00424214167674178	0.0190217695466925	0.000772851964784157	0.00348100524333457
17.75294	0.24592929576442	0.228013927711806	0.0195794663056764	0.0284641806544154	0.198751490710719	0.0308240476239563	0.13862599152318	0.00566852913854818	0.00916928797449432	0.0122762215873472	0.0566921094643647	0.00338631251184032	0.0183781316288569	0.000688842414121562	0.00355216498625372
17.83235	0.249189542790487	0.221709551213296	0.0197908109062445	0.0379963240359269	0.196531000256154	0.0308096543893004	0.131534879986883	0.00461451532961383	0.00894634269469326	0.0120953029234562	0.0588325021082535	0.00398117182495662	0.019506013837763	0.00116633448279498	0.0032960532201765
17.91176	0.245871988434454	0.224775231857271	0.0192078705945652	0.029566798043694	0.209652247298451	0.0324586734383323	0.12760487774391	0.00440422274105949	0.00964194769152319	0.0128166548555272	0.0590254665114881	0.00309379332160123	0.0176587738594998	0.000516202609891061	0.00370525099873186
17.99118	0.247690388842371	0.204382882958414	0.0199642449538185	0.0374858051895834	0.214591105620092	0.0232532668132022	0.131922367096795	0.00441033606960639	0.0097292648738245	0.0113882248094069	0.0694937425101527	0.00370982685809756	0.0179192646633328	0.00045648155646832	0.00360279718483418
18.07059	0.242190247860173	0.205461504453114	0.0188634035432991	0.0335124399310855	0.217643650497715	0.0383839137519137	0.116904987222285	0.00504820224500867	0.00983756177081496	0.0138067398721055	0.0726967276780366	0.00428955846547421	0.0163107451074207	0.000659029716721067	0.00439128788483384
18.15	0.248328987854447	0.199719016574149	0.0192621320363874	0.061747923490521	0.1949050167888	0.0273442385889823	0.129669412751096	0.00446999279384838	0.00910759115216923	0.01224561598878	0.0689717475280802	0.00335388660115766	0.0159797420794872	0.000783558031308429	0.00411113774078674
18.22941	0.234963527319493	0.201521046631828	0.0209503124547904	0.0249923311380109	0.233309725321679	0.0195612107701158	0.138490940995924	0.00371577034526361	0.0102850911080517	0.0124665414752098	0.0728214983527142	0.00405669383504538	0.0180128727365358	0.000864191216790214	0.00398824629854888
18.30882	0.231836181534161	0.213612207548884	0.0231055964866826	0.0408083625659213	0.208195608118149	0.0135503141100417	0.14952269344932	0.00367171155844018	0.00938627601149008	0.012257789027331	0.0649886145289726	0.00399427611626899	0.0190503672551133	0.000728918659830738	0.00529108302939334
18.38824	0.236189667258673	0.209497137086383	0.0253901333534047	0.0414997443723281	0.205762912769736	0.0398653721953856	0.119088184319099	0.00398852275784126	0.00930926694756634	0.0131950235597827	0.0685968591276359	0.00343631049432593	0.017271109387542	0.000471544577661049	0.00643821179263536
18.46765	0.233058314618777	0.203250259251214	0.024768887939448	0.0392742402129301	0.210698308778518	0.0408957944755705	0.119613319259269	0.00380903313209575	0.00977398021373191	0.0132446254365982	0.0734761025132857	0.00423695471226855	0.0180155658438246	0.000276454843614521	0.00560815876885443
18.66618	0.241469600277567	0.210260378428352	0.0277025764998642	0.0330852034943972	0.215532758160325	0.0354883093091508	0.117923886143455	0.00382728706523636	0.00934775870160305	0.0113289375734478	0.0656425715465614	0.00341517568505871	0.0171955856142544	0	0.00777997150072699
18.86471	0.243564397335461	0.208829398401269	0.0262209712825525	0.0275992018174275	0.2262853809505	0.0302043643365353	0.113663111367965	0.00320143321537594	0.00751850524652038	0.0114362253046976	0.0724860427337693	0.00421680791541078	0.016850688082547	0	0.00792347200996866
19.06324	0.224625373522816	0.180054626068311	0.0264055131530548	0.0380191450488478	0.242571356912781	0.0173048226163833	0.123388783567796	0.00373230234048867	0.00870337233086088	0.0138975449379187	0.0910177197697806	0.00491655354751678	0.0161940500932039	0	0.00916883609024071
19.26176	0.234396424855367	0.192011009720747	0.026530165739598	0.0410975829223263	0.226553414776521	0.0424429667780854	0.107971108161463	0.00171067692608451	0.00327519094813135	0.0133409048762685	0.0805991354464226	0.00354844706482051	0.0151148429342568	0	0.0114081288499081
19.46029	0.2248231390107	0.219234778013375	0.0367822527116745	0.045130574712887	0.20123214875673	0.0331389348529611	0.111758224099944	0.00329759512799061	0.00776076974813217	0.0145939089652078	0.06928777413299	0.00452014831505148	0.0148069870563879	0	0.0136327644959689
19.65882	0.227242699031546	0.222570154743187	0.0378932102876465	0.0509586660537436	0.188797381045932	0.0375939035226578	0.105263764583504	0.00309889822914139	0.00851831822986879	0.0130900998822051	0.0717368358187123	0.00362964106838603	0.0165567717956836	0	0.013049655707786
19.85735	0.230024364083849	0.195756932071438	0.0350633000742132	0.0471497885134231	0.21889823954519	0.012009737413885	0.119477406686627	0.00267169599936051	0.00777836194406751	0.0104917726907933	0.0865250166730557	0.0042045588465112	0.0162004255931688	0	0.0137483998644168
20.05588	0.223878467244643	0.193746874577225	0.0344137039597233	0.0293371088961235	0.240615862062341	0.0147813329528144	0.112782208100124	0.00325489527569744	0.00778235334078401	0.0103817561065597	0.0926554402001382	0.00458393411467022	0.0166688828886944	0	0.0151171802804615
20.25441	0.22506125736317	0.184474931872184	0.0360163456610329	0.0176533038856676	0.252125828591718	0.0135312826283847	0.111987887942405	0.00369048657854433	0.00768713459970332	0.0100452797979585	0.101759813966177	0.0048178427177708	0.0151993735350137	0	0.015949230860271
20.45294	0.215849841010338	0.183800187341253	0.0353470705936504	0.0419425633990016	0.231215217407778	0.0310404622182509	0.0962199635399524	0.00301769000920232	0.00734999767717932	0.0117577558323391	0.108411806782175	0.00408882334471021	0.0171201768111329	0	0.0128384440330361
20.65147	0.205882425372195	0.206365319826565	0.0446445024179521	0.0255197405861011	0.225970406386199	0.0179344430626216	0.111589520440837	0.00407376614310272	0.0104456173580748	0.00966613362685321	0.0968297604318854	0.00483172841416283	0.0157117366372879	0.0013825129035073	0.0191523863926553
20.85	0.198387685821232	0.212089771783603	0.0494250484042607	0.0182411301931338	0.229830846352572	0.0205437458773504	0.106958751591469	0.0035757910149556	0.00797549390325441	0.00853184792465679	0.1002402514437	0.00540779255220524	0.0158739005799522	0.00152151756206589	0.0213964249955894
21.04853	0.19245176799257	0.211380229542301	0.0523684954428502	0.024036566717351	0.222678776475697	0.0198807448320319	0.107243429305395	0.00388634853279925	0.00697628562446126	0.00951718877328861	0.10616481537833	0.00545851659482712	0.014311148535297	0	0.0236456862528001
21.24706	0.192928273431629	0.200108963229769	0.0476928558472183	0.0175023969319271	0.234376020315618	0.0214568163561452	0.109273017024695	0.00383470239174937	0.00707211526003472	0.0125531859760048	0.107981653753466	0.005594568681817	0.0166499961130834	0	0.0229754346868441
21.44559	0.179643686760909	0.202639489588859	0.0479076633668727	0.0196493544119265	0.230306381464016	0.0193615944069961	0.117420366335305	0.00378442421215907	0.00877587377726477	0.0100212594511249	0.112270637247872	0.0058050800354113	0.0169969628532706	0.00159661876234399	0.0238206073256693
21.64412	0.19239044633511	0.192080097309098	0.0465959967334717	0.0205919462068678	0.234633955250239	0.0170035355936126	0.109102492372662	0.00384581157908546	0.00716423950923963	0.0096585649581612	0.122050127920679	0.00609728367277103	0.0151206029683154	0	0.0236648995906879
21.84265	0.18283134614807	0.187030908272294	0.0441170944073696	0.0347195530295017	0.234746715315016	0.0230570368819437	0.0974834403646363	0.00393853139964558	0.00736559348070324	0.0126314784481339	0.126792155845354	0.00683598695223631	0.0142967645103846	0	0.0241533949447098
22.04118	0.180737989047476	0.190470465831993	0.0490321653246876	0.0278243790346802	0.233021684927731	0.0206262420334994	0.100001054314151	0.00488198881706981	0.00808838958399335	0.0116223991869952	0.131223667861213	0.00566102411447897	0.0138018722562117	0	0.0230066776658205
22.23971	0.18225413500145	0.1934516999665	0.0458497585121229	0.022626048103739	0.235378939672627	0.025096900653917	0.110205136524752	0.00389611210487393	0.00761004606424273	0.00986444794192773	0.116194681999409	0.00681924964235073	0.017008443823606	0	0.0237443999884822
22.43824	0.175130545389202	0.17861455355518	0.0380825899167493	0.0281627808580992	0.241195458886071	0.0465083805809656	0.0905204990692906	0.00349011242908086	0.00870887586561312	0.0119891542505319	0.132664713048129	0.00564529882084713	0.0197850612658181	0	0.0195019760644213
22.63676	0.190237519305483	0.202708641628046	0.0538584910224019	0.0238083364571374	0.22637465589127	0.0470516799528731	0.0728712045780679	0.00459670802415144	0.00766410617459795	0.00949543046767036	0.115443097364256	0.00623901649013672	0.012944595762945	0	0.0267065168809624
22.83529	0.190062794523038	0.199600479051333	0.0542662750085274	0.0300663843466932	0.234747237261725	0.0437889203025313	0.0742838922131279	0.00449517460351219	0.00673059710787178	0.0109099703485078	0.108326956884897	0.00549462146775773	0.0135554512551735	0	0.0236712456253052
23.03382	0.188167662010058	0.205953357404032	0.0321725742927553	0.0378301307750563	0.227645926865472	0.0480329372536352	0.0771862744491205	0.00435905701704126	0.00743115752979966	0.0122176386815663	0.112985011381527	0.00572714882674166	0.0141356103859213	0	0.0261555131272742
23.23235	0.194233638366287	0.194265954982953	0.0498228557632119	0.0261603011908673	0.236632336896514	0.0414725230308584	0.078869405507735	0.0039859502338154	0.00771266499916047	0.0117843245206544	0.112752441368173	0.0058219087458366	0.0147600292160949	0	0.0217256651778386
23.43088	0.186228234293783	0.204201519655715	0.0532928919520164	0.0281462016937975	0.220638299473329	0.0404455019556014	0.080472445557853	0.0107703193620391	0.00328504482269519	0.0126075419512371	0.117757462431868	0.0064586980322517	0.0146967057643615	0	0.0209991330534524
23.62941	0.182738842001517	0.19632783165248	0.0557944121140105	0.0316901741928844	0.220610120222071	0.0511202668991848	0.0711607513232257	0.0042416462992299	0.00747718015758114	0.0135951456574268	0.118680543673235	0.00604377772965219	0.0161097953743452	0	0.0244095127031561
23.82794	0.18110236583859	0.196099609139442	0.0570622878633859	0.0380882906742345	0.221513698579562	0.0622772488634769	0.0537954763059247	0.00484652938961266	0.00644978377141057	0.0123868399613078	0.12036283821868	0.00568723032959784	0.012155320306289	0	0.0281724807584861
24.02647	0.212001311376492	0.185454329871872	0.049242144249047	0.0373982238746054	0.242394731855894	0.0483252136232091	0.0591693546764484	0.00267730400876862	0.00501514355795982	0.0103418842870563	0.108181997279765	0.00385472384431719	0.0116115136445884	0	0.0243321238499767
24.225	0.202683641938178	0.186135914454531	0.0547392011219078	0.0340015055012666	0.237416449835529	0.0503575737369085	0.0580452544056535	0.00363313890139654	0.00628543341594113	0.0109493251023432	0.112642292211609	0.00567168385848288	0.011397675753524	0	0.0260409097627289
24.42353	0.196581786918436	0.171559372734851	0.0478355597421229	0.0467615487661848	0.2281438575597	0.0360336501815172	0.0805687583582152	0.00334242747850118	0.00441319486115608	0.0146553176517682	0.134480140718525	0.00497986968768585	0.0108221535894843	0	0.0198223617518533
24.62206	0.177332508308902	0.18273977408954	0.0541075794754438	0.0424341931157386	0.227737163149127	0.0586648572876885	0.0502807920452803	0.00395337848050361	0.0056744983966043	0.013834301045522	0.143951485071259	0.00643854632004727	0.0101566127727096	0	0.0226943104416336
24.82059	0.179882825510383	0.179151115511748	0.0564463107626819	0.0354634238776491	0.231376350775849	0.0640177048726557	0.0504094769185399	0.00372154146733918	0.00466111039611548	0.0155010764816093	0.137549450570771	0.00557804378489511	0.00975268408999632	0	0.0264888849797671
25.01912	0.194992950663316	0.171509188775382	0.0511489344592036	0.0471862079377916	0.237856229009918	0.0669939274985626	0.0408402281095577	0.00359247127294287	0.00496163714118403	0.0147401403402406	0.128403278429385	0.00530055324432096	0.0080421371562623	0.0015694210358987	0.0228626949260347
25.21765	0.185966783963153	0.17157768824616	0.0525720072319999	0.0478268448245188	0.229606597244828	0.0659541472643437	0.0494241331545634	0.00337908686350355	0.00589232584561926	0.0162447983373481	0.130531818409558	0.0062499456219929	0.0101219597443739	0.00152578437587599	0.0231260788721616
25.41618	0.188310254482678	0.171004459278166	0.0483705955064026	0.0436271804258265	0.230680361199303	0.0625121640313123	0.0495576563941577	0.00456281171490928	0.0049269898126702	0.0164395490357173	0.139498318206602	0.00728969039847509	0.00962936289446746	0.00149515444419848	0.0220954521751145
25.61471	0.177368143613174	0.173568208398315	0.0513773278137901	0.0456757673343645	0.226266883969266	0.0613452102192027	0.0526601594198122	0.00395565747655049	0.00630026723383243	0.0168171266795236	0.146114480922219	0.00647071339127593	0.00864243926002965	0.0012914124194403	0.0221462018492043
25.81324	0.169446705692642	0.148055873858646	0.0474559661521391	0.0505903154052358	0.222416948818591	0.0658265193427459	0.0527991372113884	0	0	0.0202086455152103	0.156945603874253	0.0154176799074991	0.0175072460762303	0.00684682909630152	0.0264825290491178
26.01176	0.1721527045736	0.1643948164201	0.0510183088420101	0.0416648820339821	0.240399112685765	0.0736329687957874	0.0455983665398268	0.00486478030735124	0.00410994487719005	0.0171873223391743	0.146438176163943	0.00613554149145169	0.00954313711412518	0.00174323947757459	0.0211166983381192
26.21029	0.184666803064563	0.169967242661739	0.0459366203284804	0.0430377316315563	0.228302827045768	0.0771944831870176	0.0445637307730193	0.00381848234491492	0.00515132625458068	0.0193189556636453	0.136415128350455	0.00686881639321038	0.0100679954262672	0.00215445574378858	0.0225354011309931
26.40882	0.164734758207929	0.164041782010342	0.04653732957733	0.0546099371723003	0.22066471863604	0.0802342113284877	0.0455198047256456	0.00377291965586984	0.00446833356953325	0.0204853470548678	0.157556681608019	0.00576486610678238	0.00983141974468027	0.0010526501242515	0.0207252404779209
